got 1got 2got 3
0 6395
1 6398
2 26847
3 6536
4 8393
5 0
6 176
7 4
8 183
9 206
10 21977
11 0
12 524288
13 0
14 0
15 0
16 0
17 0
18 0
19 6389
20 123
21 165
22 6398
23 1014
24 1014
25 2
26 4
27 175
28 177
29 0
30 305419896
31 305419896
32 127
33 1
34 0
35 524288
36 4
37 2
38 5
39 8
40 16384
41 -1
42 3
43 -2147483648
44 32
45 65535
46 255
47 1023
48 10
49 31
50 305419896
51 305419896
52 305419896
53 305419896
54 305419896
55 305419896
56 305419896
57 305419896
58 305419896
59 305419896
60 305419896
61 305419896
62 305419896
63 305419896
64 305419896
65 305419896
66 305419896
67 305419896
68 305419896
69 305419896
70 305419896
71 305419896
72 305419896
73 305419896
74 305419896
75 305419896
76 305419896
77 305419896
78 305419896
79 305419896
80 305419896
81 305419896
82 305419896
83 305419896
84 305419896
85 305419896
86 305419896
87 305419896
88 305419896
89 305419896
90 305419896
91 305419896
92 305419896
93 305419896
94 305419896
95 305419896
96 305419896
97 305419896
98 305419896
99 305419896
100 305419896
101 305419896
102 305419896
103 305419896
104 305419896
105 305419896
106 305419896
107 305419896
108 305419896
109 305419896
110 305419896
111 305419896
112 305419896
113 305419896
114 305419896
115 305419896
116 305419896
117 305419896
118 305419896
119 305419896
120 305419896
121 305419896
122 305419896
123 305419896
124 305419896
125 305419896
126 305419896
127 305419896
128 5937
129 21745
130 128
131 124
132 119
133 7191
134 7182
135 21745
136 17037
137 134
138 42
139 129
140 7191
141 7176
142 17037
143 1157627936
144 135
145 0
146 17051
147 32
148 17
149 141
150 17
151 135
152 8458
153 8445
154 17037
155 227525
156 7191
157 17051
158 69
159 3783
160 153
161 100
162 142
163 6290
164 6283
165 17037
166 204741
167 8408
168 17051
169 4
170 168
171 164
172 35
173 154
174 7110
175 7105
176 17051
177 1
178 50
179 43
180 165
181 128
182 175
183 202
184 165
185 6398
186 6389
187 17051
188 68
189 -1241511759
190 32
191 188
192 7
193 183
194 8570
195 8553
196 45312
197 185
198 8192
199 21899
200 128
201 10
202 189
203 8408
204 8393
205 128
206 204
207 122111918
208 205
209 7
210 200
211 8570
212 21899
213 128
214 205
215 8005
216 7980
217 307456
218 113231969
219 128
220 8408
221 8393
222 21745
223 216
224 10
225 212
226 8408
227 8393
228 128
229 227
230 118742978
231 85773300
232 21899
233 128
234 305419896
235 21899
236 128
237 128
238 128
239 305419896
240 305419896
241 305419896
242 305419896
243 305419896
244 305419896
245 305419896
246 305419896
247 305419896
248 305419896
249 305419896
250 305419896
251 305419896
252 305419896
253 305419896
254 305419896
255 305419896

